n=8;
m=5;
Ha=[[1.300000,1.300000,1.300000,0.560000,0.560000,0.000000,0.000000,0.000000],[1.300000,1.300000,1.300000,0.560000,0.560000,0.000000,0.000000,0.000000],[1.300000,1.300000,1.300000,0.560000,0.560000,0.000000,0.000000,0.000000],[0.560000,0.560000,0.560000,0.560000,0.560000,0.000000,0.000000,0.000000],[0.560000,0.560000,0.560000,0.560000,0.560000,0.000000,0.000000,0.000000]];
Ca=[[0.500000,0.500000,0.500000,0.620000,0.620000,0.000000,0.000000,0.000000],[0.500000,0.500000,0.500000,0.620000,0.620000,0.000000,0.000000,0.000000],[0.500000,0.500000,0.500000,0.620000,0.620000,0.000000,0.000000,0.000000],[0.620000,0.620000,0.620000,0.620000,0.620000,0.000000,0.000000,0.000000],[0.620000,0.620000,0.620000,0.620000,0.620000,0.000000,0.000000,0.000000]];
Hp=[[0.200000,0.200000,0.200000,0.000000,0.000000,0.000000,0.000000,0.000000],[0.200000,0.200000,0.200000,0.000000,0.000000,0.000000,0.000000,0.000000],[0.200000,0.200000,0.200000,0.000000,0.000000,0.000000,0.000000,0.000000],[0.000000,0.000000,0.000000,0.000000,0.000000,0.000000,0.000000,0.000000],[0.000000,0.000000,0.000000,0.000000,0.000000,0.000000,0.000000,0.000000]];
Cp=[[0.630000,0.630000,0.630000,0.750000,0.750000,0.000000,0.000000,0.000000],[0.630000,0.630000,0.630000,0.750000,0.750000,0.000000,0.000000,0.000000],[0.630000,0.630000,0.630000,0.750000,0.750000,0.000000,0.000000,0.000000],[0.750000,0.750000,0.750000,0.750000,0.750000,0.000000,0.000000,0.000000],[0.750000,0.750000,0.750000,0.750000,0.750000,0.000000,0.000000,0.000000]];
